200 200 200 200
61.512 146.005 1032.342 
187.716 176.655 1034.581 
182.884 188.008 891.177 
70.908 17.460 1032.789 
77.151 156.758 982.295 
98.581 129.369 923.224 
56.419 13.547 1103.275 
107.435 188.285 1006.068 
56.456 109.271 949.905 
180.916 161.318 1004.045 
159.067 29.316 1034.878 
152.698 177.833 1026.529 
3.359 8.182 1010.551 
181.737 16.480 976.423 
142.889 52.873 944.844 
60.426 15.785 1028.104 
116.695 133.108 1052.161 
139.205 131.706 920.387 
29.499 81.585 957.869 
183.526 171.731 1005.112 
192.784 196.432 868.984 
53.849 109.013 1011.737 
101.320 23.026 1010.817 
150.668 195.947 965.282 
140.582 43.806 1032.365 
57.272 130.013 929.607 
66.940 80.841 963.462 
4.375 12.291 994.903 
92.007 66.976 977.875 
102.459 89.799 976.499 
109.548 187.895 1049.918 
172.648 177.387 992.353 
161.139 62.629 1046.439 
199.496 7.755 971.872 
157.726 81.965 992.167 
60.758 144.179 1020.507 
54.015 35.160 1119.271 
22.479 56.795 912.027 
148.318 69.504 1012.282 
152.930 101.802 1024.309 
168.590 161.401 981.479 
52.649 129.432 1073.477 
189.044 125.748 1040.309 
86.746 65.495 891.959 
188.698 190.793 1085.154 
128.665 151.115 1040.330 
97.477 44.931 1080.190 
67.508 9.028 1080.108 
73.431 40.294 1043.137 
33.912 9.051 1073.038 
74.638 113.249 1058.283 
49.477 144.335 1031.275 
190.113 6.525 988.438 
25.588 15.756 979.131 
152.702 112.309 1000.673 
113.909 3.467 1003.445 
159.015 30.064 909.520 
65.538 68.404 931.521 
27.166 154.510 936.834 
53.668 139.137 1061.653 
160.909 33.036 1048.065 
11.557 76.387 983.133 
6.758 151.891 993.581 
112.173 199.539 970.100 
12.461 147.285 923.313 
75.320 66.297 1015.973 
174.219 186.068 966.509 
100.276 131.032 1039.615 
165.021 37.313 1023.736 
160.568 173.435 1060.303 
116.569 24.692 960.251 
182.492 78.993 987.084 
38.970 76.331 919.133 
133.848 14.123 994.654 
177.495 6.211 1016.179 
66.631 54.705 1014.908 
66.693 104.877 1051.234 
37.101 190.308 955.527 
79.740 166.286 1020.608 
74.865 147.776 932.576 
166.995 14.251 1065.958 
130.958 55.173 986.445 
189.016 198.299 898.637 
129.831 191.644 961.864 
9.664 83.345 1013.615 
55.446 97.564 994.465 
145.710 62.578 1029.653 
14.104 129.151 1004.213 
187.553 72.990 972.034 
40.052 99.667 1029.574 
186.329 173.538 984.533 
56.818 82.601 1040.608 
172.129 20.621 967.776 
71.141 134.648 1046.307 
104.304 179.940 1058.462 
65.552 63.528 991.224 
183.155 61.131 959.678 
100.569 135.616 1073.841 
180.932 76.589 1005.921 
10.011 16.555 959.569 
144.535 61.531 884.006 
180.989 138.413 982.345 
79.350 34.869 979.373 
40.631 53.587 956.242 
93.755 92.973 959.646 
173.465 56.777 941.785 
174.411 57.092 1075.266 
118.618 63.304 972.561 
52.529 90.989 954.780 
2.380 87.221 912.628 
73.177 44.423 914.396 
79.830 73.981 950.896 
18.002 65.879 999.525 
10.095 47.093 958.100 
10.790 180.845 953.517 
150.637 97.238 970.712 
117.990 98.855 1022.289 
183.060 104.846 1002.250 
30.334 127.317 1054.971 
73.630 196.495 999.464 
183.192 170.056 1001.021 
51.784 5.699 998.817 
106.276 48.718 975.189 
88.586 87.926 961.439 
74.479 75.815 1018.376 
162.395 194.124 1070.679 
71.854 187.714 1048.373 
60.959 58.828 1014.221 
99.381 103.116 1023.024 
120.773 35.232 889.075 
47.953 96.006 1022.148 
154.913 186.293 1038.951 
113.739 47.825 1008.995 
126.408 123.197 971.081 
52.298 27.168 1017.796 
5.306 151.497 953.769 
16.024 109.595 997.486 
161.391 106.871 1005.701 
172.270 195.898 1028.346 
89.976 33.181 991.702 
61.259 165.338 1016.794 
121.835 34.916 1009.098 
38.928 195.230 970.236 
166.209 75.814 1018.193 
134.373 154.013 1003.184 
121.738 101.027 920.072 
176.769 122.349 1021.294 
183.174 135.113 979.964 
143.743 156.641 1008.199 
191.790 83.274 1031.207 
195.503 121.067 896.950 
89.513 55.019 983.946 
117.133 38.253 1000.676 
68.926 78.947 1002.217 
47.118 39.882 932.834 
51.353 24.264 1058.558 
42.610 181.887 983.045 
57.015 198.392 998.383 
179.729 56.802 1062.376 
37.264 173.596 990.404 
180.112 126.332 1057.233 
78.068 57.445 998.183 
96.393 98.984 975.512 
2.360 135.891 1058.465 
156.179 68.297 1034.898 
123.011 147.814 948.140 
22.498 38.697 980.245 
86.171 164.381 1021.995 
54.060 60.414 1031.936 
79.298 88.784 990.264 
198.438 127.349 1060.296 
172.859 51.472 1029.654 
111.210 156.631 1019.090 
62.524 53.365 965.218 
116.021 45.619 1035.632 
185.151 96.519 1013.190 
51.664 174.726 944.333 
184.372 82.780 1055.782 
82.420 75.650 993.407 
15.011 166.280 1061.214 
164.744 183.204 967.025 
184.300 36.886 919.300 
131.735 41.240 1009.881 
187.035 157.842 986.195 
169.459 7.066 999.304 
167.764 149.072 920.121 
92.208 73.536 989.870 
128.689 188.320 1014.027 
110.493 112.560 1079.977 
180.422 178.727 1040.467 
160.204 175.591 1011.565 
12.987 27.629 930.428 
108.623 104.013 1010.359 
168.446 120.088 899.735 
11.955 114.892 1040.680 
128.372 62.190 1034.810 
88.352 103.820 984.739 
165.369 171.131 1053.305 
50.203 105.868 1115.799 
11.014 57.254 945.323 
0.000 88.296 10377.486
76.519 0.000 10789.074
200.000 45.390 9874.472
163.686 200.000 9573.561
0.000 191.305 10147.621
64.677 0.000 10682.546
200.000 150.360 10802.324
66.858 200.000 10438.887
0.000 151.380 10582.681
185.628 0.000 9579.387
200.000 82.907 10118.445
18.109 200.000 10657.486
0.000 180.056 9461.702
153.813 0.000 10481.271
200.000 14.908 9809.113
126.628 200.000 9603.780
0.000 10.496 9738.356
9.652 0.000 10606.711
200.000 5.289 9941.119
173.880 200.000 10451.404
0.000 119.080 10380.533
53.014 0.000 10213.491
200.000 173.823 10455.782
133.309 200.000 10171.085
0.000 118.254 10496.930
89.249 0.000 10101.279
200.000 32.977 10375.839
109.553 200.000 10250.486
0.000 134.596 9534.241
152.737 0.000 10292.574
200.000 126.074 9975.095
78.695 200.000 11082.637
0.000 145.750 9966.632
94.011 0.000 9825.035
200.000 156.531 10297.277
45.324 200.000 9732.347
0.000 19.775 8731.128
64.350 0.000 9722.794
200.000 156.260 9948.432
17.060 200.000 11044.286
0.000 81.513 9765.880
14.241 0.000 9872.998
200.000 182.253 9463.768
61.340 200.000 10437.489
0.000 85.214 9087.383
13.833 0.000 10374.976
200.000 169.297 9991.001
162.304 200.000 9712.828
0.000 91.414 10122.202
173.054 0.000 9763.690
200.000 86.011 10142.310
128.563 200.000 9124.856
0.000 44.881 10871.907
66.574 0.000 10170.991
200.000 34.791 9556.207
15.616 200.000 9695.945
0.000 182.513 10548.567
65.974 0.000 10162.118
200.000 104.416 10313.472
131.603 200.000 9928.157
0.000 1.605 9853.958
66.600 0.000 9756.590
200.000 98.725 9480.346
46.645 200.000 10293.305
0.000 15.991 9979.550
17.480 0.000 9709.359
200.000 125.897 10426.857
79.362 200.000 9880.796
0.000 135.936 10172.568
190.926 0.000 10085.015
200.000 137.394 9381.368
172.317 200.000 10123.000
0.000 99.744 10550.621
33.353 0.000 10729.878
200.000 24.221 9116.397
168.197 200.000 10855.522
0.000 71.850 10433.415
69.993 0.000 9560.380
200.000 91.185 9608.986
58.519 200.000 9532.649
0.000 171.662 10592.925
198.319 0.000 9933.182
200.000 41.522 10094.623
121.536 200.000 9980.756
0.000 135.233 10234.517
161.182 0.000 9771.553
200.000 45.726 9434.648
143.422 200.000 9963.447
0.000 64.817 9372.875
126.173 0.000 10612.730
200.000 114.190 10299.131
49.820 200.000 10576.703
0.000 125.052 10613.298
86.729 0.000 9869.608
200.000 65.513 10134.177
103.902 200.000 10042.765
0.000 117.083 9940.536
29.831 0.000 9908.265
200.000 192.548 9920.258
88.417 200.000 9720.870
0.000 27.499 9735.525
54.199 0.000 10151.422
200.000 136.289 9453.275
42.466 200.000 9912.469
0.000 196.879 9623.792
66.246 0.000 11316.710
200.000 166.122 9981.837
73.063 200.000 10743.944
0.000 29.821 9215.874
119.659 0.000 9135.587
200.000 68.103 10379.953
57.231 200.000 9019.136
0.000 119.934 10857.831
191.722 0.000 10197.742
200.000 172.806 10180.657
122.584 200.000 10205.234
0.000 92.245 9531.453
187.678 0.000 11658.699
200.000 7.263 10391.960
127.613 200.000 10687.188
0.000 122.453 10164.912
156.884 0.000 9784.102
200.000 55.602 9561.838
24.718 200.000 10521.084
0.000 179.136 9681.665
85.417 0.000 9246.184
200.000 16.327 8905.470
44.633 200.000 10924.880
0.000 192.421 9860.577
148.192 0.000 9332.460
200.000 144.033 10178.117
160.545 200.000 9911.357
0.000 4.161 10852.282
82.292 0.000 9970.141
200.000 157.047 9596.180
73.570 200.000 10262.059
0.000 198.533 10618.802
7.107 0.000 9974.619
200.000 113.294 9500.323
39.719 200.000 9810.225
0.000 151.189 10289.476
103.946 0.000 10756.132
200.000 128.590 10263.467
28.052 200.000 10388.952
0.000 33.809 10810.802
9.383 0.000 11094.938
200.000 113.448 9405.969
99.125 200.000 9916.584
0.000 73.697 9728.135
138.093 0.000 10095.808
200.000 151.929 10483.607
15.048 200.000 10618.252
0.000 79.239 10041.192
92.012 0.000 9636.540
200.000 115.541 10156.014
10.103 200.000 10852.789
0.000 1.723 9368.135
173.245 0.000 9362.037
200.000 53.693 9893.925
101.004 200.000 9983.363
0.000 144.357 10096.072
90.123 0.000 9506.566
200.000 113.004 10315.478
71.893 200.000 10349.940
0.000 98.460 10147.469
26.091 0.000 9700.980
200.000 138.124 10047.254
102.869 200.000 9761.040
0.000 165.712 10376.267
69.163 0.000 10005.735
200.000 81.224 10010.882
1.379 200.000 9810.831
0.000 55.575 10180.040
155.418 0.000 10155.812
200.000 154.027 10746.520
129.373 200.000 9706.949
0.000 22.219 10341.683
72.772 0.000 10060.594
200.000 37.926 9953.619
174.282 200.000 9659.944
0.000 165.614 10188.049
107.567 0.000 10216.271
200.000 157.348 9888.431
37.325 200.000 10308.645
0.000 74.957 9582.799
90.046 0.000 10344.382
200.000 23.350 9882.169
95.294 200.000 10606.855
0.000 89.111 9372.131
24.779 0.000 9171.384
200.000 171.513 10286.062
47.119 200.000 9943.516
0.000 163.906 9620.576
128.431 0.000 10362.209
200.000 78.464 10217.341
122.713 200.000 10755.270
0.000 75.758 9690.867
154.188 0.000 9791.184
200.000 190.563 9410.044
114.328 200.000 9811.418
