200 10000 100 1000
107.558 130.026 962.977 
114.422 140.039 1085.397 
139.637 168.448 982.731 
185.756 183.792 1074.160 
38.119 39.608 921.756 
82.097 67.734 989.553 
110.057 71.167 1056.967 
82.281 146.353 1051.124 
181.368 101.440 1039.640 
104.579 6.588 1096.308 
195.337 146.579 969.625 
163.488 89.165 1021.142 
16.797 40.909 964.631 
108.684 82.400 893.476 
114.443 64.366 876.054 
183.474 65.541 1012.513 
130.962 10.751 906.852 
147.496 7.923 991.069 
150.303 85.452 917.742 
163.919 182.161 1035.073 
107.907 11.737 1064.289 
106.601 115.132 956.124 
81.765 30.312 1016.939 
102.910 19.028 1011.331 
151.440 53.831 989.659 
86.361 50.067 994.036 
134.700 4.206 1053.455 
39.710 67.806 932.641 
21.874 61.457 1052.356 
49.677 184.377 940.009 
171.967 191.175 921.924 
147.740 139.477 1018.823 
41.330 82.981 967.505 
5.697 113.144 908.584 
149.536 128.467 955.385 
197.481 38.775 1003.883 
188.632 9.824 997.265 
39.000 72.500 1000.761 
4.685 131.892 1043.341 
103.791 120.896 1065.210 
70.073 175.800 1061.660 
112.397 83.976 954.521 
141.590 147.522 1072.485 
164.648 109.012 1111.262 
42.948 7.007 945.509 
145.219 28.738 962.098 
176.074 146.236 1022.072 
143.488 153.963 946.763 
188.083 85.981 1033.650 
87.387 24.655 965.686 
197.783 197.882 947.265 
167.157 1.468 1036.087 
109.654 23.824 978.401 
173.189 166.244 1027.444 
52.642 184.456 1028.597 
150.565 32.624 930.573 
86.835 71.099 938.099 
163.512 161.543 1081.497 
190.114 195.777 1069.195 
135.830 172.549 1045.599 
50.785 183.377 1052.922 
68.338 95.685 941.267 
4.543 165.178 979.374 
57.785 181.937 1041.374 
33.788 159.457 982.021 
54.784 4.422 1030.911 
160.863 197.697 1055.850 
155.199 34.991 942.208 
176.598 131.483 1067.525 
191.745 53.354 935.672 
101.379 55.159 1010.538 
170.246 100.691 1037.216 
112.461 194.967 932.646 
69.241 70.616 980.372 
87.476 31.054 984.163 
133.156 73.524 975.392 
133.463 124.384 1095.641 
185.507 151.540 982.893 
198.702 31.430 1019.432 
34.973 71.254 1037.150 
36.041 11.221 961.497 
145.081 191.496 927.870 
169.755 16.632 1012.867 
45.511 155.172 934.739 
49.153 158.221 987.946 
14.478 88.095 992.519 
115.730 153.293 945.112 
128.551 112.889 897.403 
164.301 152.554 938.980 
137.766 164.949 966.840 
7.828 8.915 999.917 
131.646 67.691 995.042 
86.858 152.655 965.523 
60.643 103.107 993.694 
198.533 92.255 969.958 
121.522 99.699 1062.533 
47.665 48.620 1056.560 
115.774 105.654 1089.001 
116.217 181.931 878.161 
104.660 182.945 1015.816 
81.353 161.304 973.958 
122.675 107.655 924.486 
81.008 175.224 869.367 
196.751 174.347 1081.447 
142.097 131.292 935.051 
100.609 89.201 942.286 
51.196 127.528 955.547 
72.056 85.459 909.882 
9.858 147.257 1004.140 
62.643 54.946 1023.325 
131.310 12.693 1102.406 
20.746 97.915 965.203 
80.544 95.246 963.957 
53.950 104.224 972.338 
102.907 187.188 980.550 
189.950 94.276 1074.895 
147.762 173.121 1094.531 
151.670 36.583 1059.688 
96.394 69.574 923.254 
121.660 26.706 1024.635 
58.920 28.493 942.183 
159.248 80.755 1032.162 
42.930 39.632 1012.513 
183.890 173.810 1073.162 
11.976 170.620 1032.105 
9.367 72.020 1049.339 
104.795 94.140 1133.046 
164.352 128.156 973.591 
3.867 176.162 978.777 
55.582 102.191 935.990 
174.567 131.466 980.581 
64.407 35.490 1021.914 
32.040 15.987 1054.597 
134.919 40.535 941.331 
26.530 157.484 1074.782 
105.437 49.879 969.017 
155.722 99.041 1003.132 
61.350 179.491 991.518 
171.266 139.777 1034.581 
106.294 26.691 973.702 
129.629 123.885 1057.452 
31.047 179.068 1079.712 
71.863 170.065 1010.835 
8.689 105.136 934.477 
83.846 11.743 946.029 
185.438 34.307 859.113 
115.872 75.567 1038.929 
135.773 14.492 1008.755 
158.951 16.370 990.402 
74.064 133.513 1050.768 
47.564 75.094 987.136 
144.631 194.737 1018.483 
35.592 199.410 1036.015 
56.766 121.319 937.459 
13.051 109.435 981.005 
85.077 191.961 989.508 
98.645 84.010 967.925 
186.318 67.980 975.979 
100.560 31.662 909.914 
190.338 87.227 974.237 
81.966 94.918 993.379 
8.587 170.749 970.466 
11.798 79.456 1014.085 
19.349 88.859 1027.467 
15.056 139.068 1023.975 
40.856 193.862 1003.203 
30.857 21.904 1007.650 
169.575 127.819 890.191 
196.490 43.918 1017.721 
40.490 185.662 941.432 
64.295 57.358 1024.532 
112.618 66.827 1113.251 
180.105 28.097 1009.743 
125.756 82.597 917.443 
58.318 73.630 1100.781 
121.859 13.901 903.073 
12.098 178.252 968.802 
75.056 31.398 949.165 
23.718 116.018 968.037 
121.502 184.431 994.050 
58.676 6.198 1043.231 
135.176 189.211 1002.595 
47.297 35.332 969.279 
35.868 97.700 960.263 
38.820 145.360 1043.096 
93.403 15.914 975.192 
43.445 141.602 1034.363 
1.088 99.786 1028.710 
102.111 93.637 1059.699 
143.117 120.064 945.125 
119.945 118.603 1035.941 
144.060 185.218 980.584 
41.859 110.950 1021.806 
53.464 198.804 933.518 
26.846 55.655 1038.464 
173.734 125.294 935.782 
58.583 187.715 974.602 
41.478 109.858 916.878 
0.394 182.596 1004.827 
184.126 18.428 944.507 
0.000 156.525 10685.097
3.970 0.000 10309.267
200.000 90.067 10547.725
125.393 200.000 10330.059
0.000 141.886 9691.349
14.921 0.000 10101.626
200.000 156.733 10045.082
185.225 200.000 8464.952
0.000 132.656 8764.680
169.066 0.000 9875.532
200.000 74.540 10601.095
33.139 200.000 10817.564
0.000 52.480 9733.566
103.001 0.000 9812.581
200.000 47.432 9039.023
65.071 200.000 10054.287
0.000 69.117 9725.567
66.543 0.000 9450.894
200.000 191.268 9875.242
46.246 200.000 10454.789
0.000 164.885 9408.927
147.767 0.000 10254.310
200.000 72.981 10369.757
163.685 200.000 9985.282
0.000 30.369 9930.383
193.477 0.000 9114.340
200.000 128.749 10337.467
14.915 200.000 9877.731
0.000 16.638 9991.465
8.046 0.000 9443.852
200.000 70.342 9728.130
121.748 200.000 9940.606
0.000 181.302 9743.805
85.300 0.000 8988.482
200.000 7.566 9532.154
71.207 200.000 8900.852
0.000 111.263 9050.666
106.702 0.000 9900.085
200.000 26.070 10173.610
69.165 200.000 10492.805
0.000 46.485 9838.463
11.521 0.000 9326.070
200.000 57.072 10908.560
65.269 200.000 9104.108
0.000 30.054 10747.239
42.816 0.000 9492.165
200.000 24.405 10389.146
132.870 200.000 10745.727
0.000 173.956 8728.133
88.414 0.000 10210.846
200.000 191.174 10583.343
2.161 200.000 8982.453
0.000 45.687 10591.564
199.279 0.000 10800.292
200.000 139.477 9017.799
133.002 200.000 10116.896
0.000 93.626 10095.498
33.226 0.000 9971.999
200.000 79.955 10547.118
41.826 200.000 10758.754
0.000 67.763 9431.426
189.498 0.000 9898.408
200.000 95.696 9978.609
112.937 200.000 10101.918
0.000 132.230 9823.796
141.474 0.000 10738.839
200.000 45.437 10142.745
61.587 200.000 10132.506
0.000 98.722 9494.477
166.763 0.000 9803.714
200.000 121.106 10299.613
56.777 200.000 9701.592
0.000 139.790 9578.446
35.462 0.000 10477.900
200.000 78.671 9087.233
60.780 200.000 9837.916
0.000 48.025 9945.424
186.573 0.000 9788.626
200.000 21.754 10764.701
117.108 200.000 9529.402
0.000 124.083 10547.873
30.864 0.000 9391.159
200.000 170.952 9737.766
29.820 200.000 9821.416
0.000 30.090 10220.552
48.855 0.000 9469.069
200.000 167.033 10354.511
124.310 200.000 10080.979
0.000 136.949 9418.887
149.153 0.000 9876.748
200.000 162.740 10352.638
42.083 200.000 9799.613
0.000 137.496 10195.825
70.997 0.000 11130.818
200.000 81.447 9914.675
41.826 200.000 9877.796
0.000 136.644 9858.359
131.228 0.000 10495.738
200.000 30.611 9970.837
165.314 200.000 10362.970
