106.889 166.814 0.165 -0.010 1018.832
150.690 15.205 0.292 -0.027 1032.849
30.559 22.992 0.288 -0.072 1042.739
24.144 123.223 0.255 0.009 1047.624
164.900 9.316 0.395 -0.003 970.672
13.491 93.611 0.722 0.112 951.376
192.565 4.315 0.575 0.118 1016.861
152.183 181.413 0.301 -0.079 909.132
22.131 133.644 0.217 0.043 926.661
8.656 51.884 0.469 -0.296 1025.787
190.665 70.774 -0.553 -0.185 1016.435
133.171 171.496 0.179 -0.026 907.864
44.530 14.982 0.453 -0.118 1082.337
106.377 180.144 0.273 -0.013 1000.474
112.430 45.064 0.157 0.001 992.907
74.393 132.448 0.118 0.013 972.689
176.895 142.294 0.258 -0.037 965.181
191.795 190.093 0.040 -0.471 979.799
114.135 73.890 0.155 0.026 1003.662
21.876 131.873 0.217 0.043 1059.208
171.555 189.855 0.350 -0.191 1035.056
146.565 110.223 0.148 0.004 925.557
118.903 76.405 0.086 -0.006 1017.529
128.368 52.051 0.135 0.013 1060.880
193.449 168.556 0.264 -0.031 1004.081
122.315 42.351 0.131 -0.011 1071.468
183.146 161.862 0.201 -0.075 1063.052
129.806 108.457 0.157 -0.004 1098.807
130.772 92.272 0.101 0.000 1065.407
163.414 144.990 0.157 -0.034 1008.234
174.201 126.824 0.201 -0.031 979.694
55.813 170.173 0.176 0.038 997.588
107.194 59.764 0.100 0.001 1024.936
35.794 11.078 0.435 -0.063 1024.243
132.102 101.332 0.087 0.008 986.406
194.804 144.331 -1.959 -0.554 977.266
133.875 111.629 0.055 -0.040 1028.295
160.762 11.282 0.395 -0.005 1003.512
153.223 45.550 0.144 0.023 1017.648
113.232 11.182 4.400 1.990 1053.380
185.033 134.139 0.327 -0.003 955.306
64.235 65.546 0.126 0.015 1064.367
105.375 170.636 0.171 -0.022 1071.263
18.877 26.637 0.342 -0.063 1013.579
29.990 24.958 0.288 -0.072 1033.117
142.504 126.027 0.100 -0.015 920.907
13.729 81.301 0.710 0.023 934.439
13.124 109.259 0.870 0.141 1007.941
79.762 55.147 0.118 0.012 952.023
71.772 162.732 0.138 0.034 996.330
130.362 88.180 0.101 0.000 962.586
25.641 70.182 0.273 -0.031 956.769
145.495 96.097 0.081 -0.008 1012.890
81.142 6.801 1.413 0.308 1072.195
143.566 183.625 0.259 0.078 1035.449
170.347 128.771 0.201 -0.031 1037.946
85.415 120.482 0.090 0.017 962.108
15.642 114.434 0.347 0.001 988.438
136.198 175.873 0.222 0.004 1056.635
20.478 165.760 0.275 0.021 978.241
185.001 2.132 -4.297 0.178 1002.353
13.468 11.407 0.724 -0.278 1000.547
37.110 172.774 0.187 0.012 1062.711
26.324 97.723 0.205 0.019 1001.384
49.419 83.006 0.127 -0.003 989.871
129.328 37.827 0.110 0.022 985.600
185.616 17.165 0.344 0.117 916.989
63.399 65.156 0.117 0.022 1050.853
191.468 2.957 0.539 0.163 1082.400
92.204 100.915 0.090 0.017 996.753
164.850 70.506 0.163 0.002 974.227
162.405 132.167 0.094 -0.024 1005.163
169.257 38.019 0.161 0.044 1052.265
151.028 69.207 0.110 0.025 1046.815
181.452 64.548 0.285 0.026 965.011
179.009 122.447 0.169 0.036 1022.370
100.512 186.003 0.325 -0.083 1059.504
130.702 159.036 0.110 -0.029 1070.066
99.270 13.458 0.244 -0.092 988.377
17.775 51.078 0.237 -0.116 1015.791
184.522 63.511 0.285 0.026 1112.636
84.850 94.809 0.070 -0.004 996.304
63.050 61.576 0.126 0.015 982.366
167.760 190.275 0.350 -0.191 1082.243
138.389 32.182 0.112 0.039 1059.398
107.914 167.705 0.165 -0.010 992.207
64.000 6.532 3.034 0.286 1061.349
108.097 157.026 0.086 0.019 1039.383
85.608 78.066 0.080 0.007 995.086
64.355 105.505 0.080 0.009 986.061
37.472 13.181 0.435 -0.063 1053.250
13.347 102.757 0.367 0.011 976.463
188.215 175.726 0.215 0.016 983.785
65.397 29.649 0.171 0.045 954.691
124.011 173.348 0.114 -0.017 1121.493
112.321 145.574 0.070 0.004 961.118
53.178 58.036 0.085 -0.021 1027.821
75.405 77.220 0.051 -0.001 1064.261
20.579 85.787 0.255 0.027 1048.649
154.306 76.679 0.072 -0.002 1032.797
