76.262 146.193 0.250 -0.013 1032.342
199.548 169.949 -1.300 -0.825 1034.581
199.937 181.278 1.296 -0.170 891.177
86.680 19.209 0.738 0.063 1032.789
84.906 157.400 0.369 0.030 982.295
103.163 129.424 0.223 0.001 923.224
28.486 26.981 0.565 -0.044 1103.275
139.625 185.339 0.854 -0.106 1006.068
39.848 126.424 0.358 0.022 949.905
197.024 157.416 1.193 -0.209 1004.045
150.235 40.440 0.347 0.000 1034.878
157.574 175.217 0.330 -0.061 1026.529
39.933 2.977 1.679 -0.111 1010.551
185.303 24.257 0.596 0.101 976.423
135.877 44.925 0.216 0.003 944.844
82.750 9.517 1.194 -0.218 1028.104
121.950 133.037 0.261 -0.003 1052.161
142.942 108.488 -0.784 -0.498 920.387
42.751 80.349 0.295 -0.024 957.869
196.672 166.465 -0.740 0.174 1005.112
187.333 192.101 1.205 -0.231 868.984
58.383 108.825 0.217 -0.010 1011.737
97.837 11.708 1.220 0.214 1010.817
163.311 191.176 -2.692 -1.824 965.282
134.632 52.129 0.294 0.003 1032.365
62.999 130.050 0.281 0.000 929.607
71.035 80.752 0.201 -0.003 963.462
40.357 7.176 1.690 -0.106 994.903
98.538 67.331 0.319 0.012 977.875
107.654 89.779 0.256 -0.000 976.499
139.211 185.069 0.910 -0.237 1049.918
171.277 172.025 -1.526 -0.721 992.353
151.635 51.894 0.303 0.026 1046.439
188.623 16.514 0.612 0.081 971.872
159.719 82.405 -1.715 0.053 992.167
70.313 144.352 0.446 0.006 1020.507
61.701 34.078 0.380 -0.058 1119.271
60.928 77.562 0.229 -0.036 912.027
154.109 69.940 0.141 0.027 1012.282
159.239 102.564 0.312 0.038 1024.309
153.476 159.703 -2.932 -0.041 981.479
58.318 129.470 0.278 0.000 1073.477
181.582 122.982 -0.126 -0.011 1040.309
91.838 65.109 0.256 -0.018 891.959
192.653 183.336 0.506 -0.235 1085.154
134.411 150.367 0.245 -0.069 1040.330
103.545 45.664 0.302 0.034 1080.190
86.558 4.213 1.455 -0.259 1080.108
79.117 40.187 0.283 -0.004 1043.137
41.444 18.261 0.720 0.115 1073.038
79.320 113.292 0.233 0.003 1058.283
55.387 144.196 0.296 -0.010 1031.275
183.371 15.686 -0.945 0.427 988.438
33.852 19.054 0.583 0.036 979.131
134.313 103.015 -1.748 -0.674 1000.673
152.695 0.326 3.770 0.052 1003.445
166.453 31.579 0.378 0.083 909.520
70.841 68.554 0.262 0.010 931.521
35.836 155.938 0.422 0.070 936.834
57.895 139.633 0.209 0.031 1061.653
168.758 35.044 0.388 0.095 1048.065
27.687 73.718 0.692 -0.112 983.133
48.558 174.475 0.720 0.147 993.581
161.642 186.548 0.560 0.077 970.100
26.384 149.364 0.622 0.091 923.313
80.733 66.395 0.269 0.008 1015.973
190.418 178.805 0.605 -0.207 966.509
104.710 131.079 0.219 0.001 1039.615
171.968 38.340 0.345 0.046 1023.736
167.715 171.464 0.362 -0.071 1060.303
124.087 25.076 0.376 0.014 960.251
170.720 65.634 0.399 0.035 987.084
49.448 75.322 1.183 -0.124 919.133
156.898 15.541 6.995 1.385 994.654
195.780 8.316 1.181 0.006 1016.179
70.663 53.797 0.203 -0.078 1014.908
71.322 105.017 0.230 0.005 1051.234
68.508 196.190 1.753 0.146 955.527
86.145 165.778 0.257 0.000 1020.608
80.056 147.533 0.481 0.007 932.576
173.645 17.073 -0.348 0.262 1065.958
130.761 58.733 0.196 0.038 986.445
186.101 195.392 1.798 0.128 898.637
153.121 178.607 0.383 -0.058 961.864
32.797 81.122 0.389 -0.033 1013.615
60.872 97.252 0.265 -0.017 994.465
149.814 62.362 0.204 -0.005 1029.653
27.054 130.255 0.579 0.051 1004.213
194.594 74.717 -0.741 0.137 972.034
46.972 99.111 0.328 -0.027 1029.574
196.151 167.665 1.977 -0.212 984.533
80.629 95.984 0.153 0.006 1040.608
164.214 33.341 0.373 0.082 967.776
74.887 134.752 0.184 0.004 1046.307
114.075 178.737 0.487 -0.039 1058.462
70.885 63.671 0.262 0.010 991.224
194.538 61.901 0.635 0.036 959.678
105.021 135.666 0.223 0.001 1073.841
173.899 66.036 0.422 0.019 1005.921
27.661 14.518 0.794 -0.068 959.569
148.639 61.316 0.207 -0.005 884.006
194.216 138.062 0.821 -0.006 982.345
85.481 34.943 0.302 0.004 979.373
46.036 52.665 0.268 -0.047 956.242
97.154 93.221 0.131 -0.022 959.646
181.800 57.416 0.444 0.036 941.785
182.330 57.649 0.389 0.015 1075.266
90.828 85.538 0.189 0.001 972.561
56.735 89.731 0.205 -0.060 954.780
26.681 86.497 0.863 -0.000 912.628
78.905 44.318 0.283 -0.004 914.396
82.697 73.589 0.141 -0.021 950.896
26.607 63.893 0.404 -0.094 999.525
25.680 48.672 0.717 -0.255 958.100
28.769 184.568 0.838 0.152 953.517
154.380 96.710 0.191 -0.021 970.712
121.482 98.755 0.172 -0.005 1022.289
195.209 106.243 0.715 0.118 1002.250
29.685 158.468 0.745 0.137 1054.971
128.918 189.183 1.677 -0.209 999.464
196.575 164.766 2.353 -0.246 1001.021
140.793 12.478 0.586 -0.049 998.817
110.991 48.829 0.236 0.007 975.189
91.251 99.088 0.086 0.003 961.439
77.511 75.816 0.150 -0.001 1018.376
178.584 196.777 -2.040 0.004 1070.679
118.083 159.877 0.242 -0.017 1048.373
65.015 57.327 0.201 -0.046 1014.221
103.517 103.802 0.204 0.030 1023.024
111.568 23.543 0.426 0.076 889.075
51.142 96.251 0.157 0.015 1022.148
172.058 185.297 0.472 -0.106 1038.951
116.882 48.405 0.153 0.026 1008.995
129.918 123.102 0.176 -0.004 971.081
59.298 24.225 0.358 -0.147 1017.796
47.120 174.064 0.452 0.096 953.769
26.189 108.954 0.478 -0.030 997.486
166.099 107.096 0.241 0.004 1005.701
184.874 182.503 0.567 -0.347 1028.346
95.203 34.245 0.255 0.058 991.702
67.464 165.342 0.307 0.005 1016.794
126.642 34.933 0.229 -0.003 1009.098
140.189 196.733 6.339 -0.353 970.236
171.045 76.469 0.249 0.031 1018.193
139.553 152.884 0.298 -0.030 1003.184
125.197 100.926 0.173 -0.005 920.072
165.799 116.310 0.270 0.006 1021.294
196.555 134.766 0.835 -0.001 979.964
148.428 155.094 0.233 -0.074 1008.199
191.397 77.983 0.571 0.064 1031.207
191.494 117.813 -0.834 -0.248 896.950
92.690 55.507 0.157 0.028 983.946
121.855 38.346 0.228 0.008 1000.676
73.066 78.854 0.201 -0.003 1002.217
51.868 38.691 0.238 -0.065 932.834
58.358 21.319 0.361 -0.147 1058.558
91.881 190.297 0.973 -0.037 983.045
130.558 190.059 0.983 0.032 998.383
187.316 57.113 0.390 0.009 1062.376
56.446 180.463 0.566 0.027 990.404
166.681 124.168 -7.651 -0.124 1057.233
80.431 57.647 0.116 0.009 998.183
99.281 98.822 0.183 0.028 975.512
40.414 142.221 1.209 0.198 1058.465
159.045 68.881 0.298 0.018 1034.898
147.087 138.778 19.691 13.906 948.140
29.322 37.789 0.331 -0.045 980.245
91.680 164.176 0.327 -0.033 1021.995
56.825 59.333 0.139 -0.053 1031.936
55.382 108.122 0.175 -0.006 990.264
190.443 125.907 0.432 -0.017 1060.296
177.828 50.597 0.262 -0.035 1029.654
126.508 147.483 0.159 -0.046 1019.090
66.554 52.447 0.199 -0.033 965.218
119.171 46.204 0.155 0.026 1035.632
166.074 86.535 0.301 0.017 1013.190
59.485 175.202 0.384 0.031 944.333
172.545 66.662 0.322 0.015 1055.782
85.276 75.259 0.141 -0.021 993.407
26.597 168.333 0.535 0.097 1061.214
174.823 176.628 0.603 -0.190 967.025
197.999 38.611 0.970 0.087 919.300
127.658 35.698 0.232 -0.003 1009.881
179.346 146.861 0.354 -0.063 986.195
189.446 6.226 -1.493 -0.090 999.304
172.189 146.699 -3.026 -1.220 920.121
93.345 73.686 0.054 0.013 989.870
152.640 174.956 -6.305 -0.544 1014.027
113.439 112.670 0.139 0.004 1079.977
176.376 171.045 -1.068 -1.070 1040.467
166.052 173.518 0.457 -0.050 1011.565
17.642 48.681 0.482 -0.071 930.428
110.047 103.586 0.068 -0.022 1010.359
192.011 97.236 0.523 0.059 899.735
24.666 113.898 0.542 -0.023 1040.680
123.140 68.152 0.124 0.019 1034.810
138.997 138.641 0.224 -0.029 984.739
181.582 161.193 0.449 -0.108 1053.305
54.739 105.680 0.220 -0.010 1115.799
29.867 55.036 0.413 -0.093 945.323
