114.442 166.964 0.922 -0.001 1018.832
167.087 17.242 1.902 0.216 1032.849
40.897 20.861 1.312 -0.286 1042.739
34.036 124.266 1.181 0.105 1047.624
187.485 13.061 2.602 0.361 970.672
39.796 90.313 2.605 -0.136 951.376
168.261 8.235 -1.119 0.505 1016.861
165.180 181.766 1.607 -0.054 909.132
32.452 135.529 1.182 0.215 926.661
33.652 51.751 2.314 -0.295 1025.787
152.501 45.974 -2.642 -1.790 1016.435
141.851 172.164 1.089 0.064 907.864
57.457 12.489 1.814 -0.322 1082.337
116.927 180.124 1.329 -0.026 1000.474
119.626 45.625 0.882 0.047 992.907
80.038 132.376 0.687 0.001 972.689
186.488 141.672 1.288 -0.105 965.181
194.901 188.829 1.907 -0.777 979.799
120.266 73.912 0.761 0.025 1003.662
31.837 133.295 1.145 0.173 1059.208
194.022 187.407 -3.241 -0.495 1035.056
152.845 110.183 0.782 -0.003 925.557
124.576 76.084 0.646 -0.035 1017.529
136.573 52.392 0.942 0.056 1060.880
163.688 152.829 -3.333 -1.714 1004.081
129.743 41.940 0.875 -0.052 1071.468
197.095 160.608 2.033 -0.232 1063.052
135.735 108.336 0.741 -0.017 1098.807
136.777 92.092 0.703 -0.025 1065.407
170.903 144.466 0.930 -0.096 1008.234
184.341 126.022 1.277 -0.123 979.694
64.132 170.469 1.003 0.054 997.588
113.244 59.538 0.706 -0.022 1024.936
52.431 8.312 2.252 -0.306 1024.243
138.209 101.043 0.702 -0.030 986.406
163.008 147.826 -3.134 0.246 977.266
140.195 111.878 0.685 -0.013 1028.295
180.198 14.247 2.262 0.284 1003.512
161.529 45.939 0.970 0.066 1017.648
179.178 40.515 -7.085 1.966 1053.380
198.214 133.183 2.277 -0.117 955.306
70.673 64.767 0.770 -0.064 1064.367
113.185 170.666 0.951 -0.022 1071.263
30.909 23.432 1.464 -0.360 1013.579
39.501 22.927 1.228 -0.271 1033.117
148.807 125.761 0.733 -0.046 920.907
36.189 80.984 2.365 -0.062 934.439
45.712 113.243 2.926 0.408 1007.941
85.869 54.555 0.722 -0.049 952.023
78.962 163.173 0.848 0.071 996.330
136.516 88.111 0.704 -0.010 962.586
35.269 68.947 1.183 -0.141 956.769
151.998 95.779 0.739 -0.027 1012.890
115.415 8.715 4.345 0.339 1072.195
156.620 183.827 1.588 0.049 1035.449
179.232 128.217 1.113 -0.082 1037.946
90.862 120.510 0.629 0.021 962.108
29.690 115.922 1.558 0.133 988.438
145.347 176.126 1.116 0.002 1056.635
31.858 167.893 1.332 0.240 978.241
29.600 80.484 16.455 5.416 1002.353
30.031 9.371 2.276 -0.508 1000.547
46.587 174.828 1.138 0.223 1062.711
36.667 98.077 1.188 0.057 1001.384
55.903 82.515 0.769 -0.052 989.871
137.383 37.582 0.913 0.003 985.600
178.422 16.071 -4.388 -0.873 916.989
69.755 64.401 0.751 -0.055 1050.853
174.057 11.060 -0.198 0.798 1082.400
97.985 101.108 0.662 0.040 996.753
173.187 70.974 1.024 0.054 974.227
170.258 131.839 0.888 -0.063 1005.163
179.804 39.476 1.262 0.185 1052.265
158.271 69.164 0.846 0.024 1046.815
194.199 65.207 1.825 0.115 965.011
189.836 121.306 1.369 -0.075 1022.370
114.568 186.995 1.729 0.012 1059.504
137.565 159.071 0.808 -0.023 1070.066
113.116 15.093 1.603 0.089 988.377
29.869 49.648 1.365 -0.240 1015.791
195.000 64.161 -3.127 -0.292 1112.636
90.430 94.669 0.634 -0.012 996.304
69.413 61.499 0.757 0.007 982.366
193.137 191.517 -3.689 -0.223 1082.243
147.537 31.721 1.031 -0.005 1059.398
115.108 167.876 0.887 0.001 992.207
167.721 1.864 16.107 0.283 1061.349
114.930 157.270 0.769 0.047 1039.383
91.422 78.128 0.672 0.010 995.086
70.468 105.035 0.685 -0.039 986.061
50.616 11.106 1.827 -0.256 1053.250
33.289 103.892 1.951 0.105 976.463
183.688 171.146 -2.637 -0.759 983.785
73.376 29.596 0.965 0.034 954.691
132.657 173.579 0.984 0.004 1121.493
118.799 146.108 0.721 0.053 961.118
59.642 57.027 0.723 -0.116 1027.821
81.309 77.064 0.627 -0.018 1064.261
33.662 84.359 1.434 -0.110 1048.649
161.197 76.847 0.774 0.017 1032.797
123.043 177.184 1.046 -0.012 962.326
29.942 57.756 1.707 -0.318 985.114
147.566 144.168 0.717 -0.022 954.704
29.469 130.916 1.267 0.161 915.187
70.127 25.204 1.057 0.001 947.356
141.784 57.393 0.734 0.019 1029.026
171.709 13.439 -4.796 0.805 989.181
49.310 89.099 0.771 0.023 945.392
38.066 192.567 2.119 0.330 992.582
143.473 57.326 0.735 0.047 1029.754
192.615 119.065 -2.318 0.284 1072.885
94.780 161.851 0.773 -0.009 1031.714
105.430 161.768 0.707 -0.020 902.086
112.236 4.670 3.807 -0.052 932.757
71.448 58.926 0.674 0.039 1059.810
110.958 139.451 0.643 0.012 1085.283
127.945 47.735 0.701 -0.033 1085.701
148.081 24.709 1.152 -0.012 1074.061
31.676 17.914 1.355 -0.356 937.820
159.557 64.222 0.776 0.037 962.421
111.042 151.394 0.644 -0.030 981.104
108.942 71.809 0.569 -0.006 1034.042
140.221 139.269 0.677 -0.048 987.656
137.109 188.879 2.003 0.001 992.761
108.537 149.681 0.656 -0.037 1028.269
142.045 33.982 36.447 26.346 986.731
151.585 90.221 0.671 0.027 972.232
107.162 153.139 -5.509 -2.591 956.467
152.594 116.496 0.637 -0.046 1053.632
180.869 156.717 1.070 -0.180 927.778
165.197 61.605 0.831 0.110 981.801
86.149 118.780 0.600 -0.026 894.710
168.274 103.210 -1.347 -1.238 998.781
194.259 115.551 -2.455 -0.525 909.879
47.370 86.175 0.795 0.010 1044.256
140.062 51.668 0.667 -0.010 909.490
87.723 136.532 0.588 -0.013 1023.545
175.241 123.622 0.904 -0.117 898.787
141.069 36.253 0.831 0.033 975.994
194.766 180.774 2.116 -0.500 961.889
104.452 58.981 0.576 -0.010 1044.562
43.157 85.523 0.844 -0.046 944.881
80.586 170.310 0.896 -0.019 966.906
82.843 91.214 0.601 -0.007 1030.844
89.659 66.865 0.602 0.023 967.488
171.145 20.979 1.538 0.253 1010.295
188.314 70.537 1.362 0.093 1049.396
37.591 57.122 0.936 -0.155 1095.597
167.554 23.733 1.350 0.233 894.653
75.426 28.600 0.902 -0.008 978.829
199.462 195.736 5.904 0.006 968.421
103.918 137.099 0.533 -0.022 1057.630
103.115 92.972 0.599 0.046 1044.484
36.604 83.144 1.032 -0.092 1028.556
136.115 48.141 0.696 0.024 1017.854
123.239 75.049 0.545 -0.023 966.838
160.034 55.913 0.735 0.049 1039.060
64.239 199.151 7.398 0.200 1029.737
197.082 165.880 1.953 -0.337 975.216
85.857 76.200 -12.124 4.435 1040.853
41.244 92.875 2.640 -0.111 1025.919
70.386 98.697 0.545 -0.005 1097.199
124.023 78.367 0.546 -0.054 924.781
188.312 66.251 1.419 0.140 895.809
131.769 134.837 0.599 -0.040 1023.640
80.872 160.479 0.728 0.066 1095.197
43.786 22.981 1.035 -0.272 941.496
50.554 129.313 3.204 -0.055 1050.764
30.268 149.114 1.118 0.202 984.989
44.938 173.289 1.066 0.217 1007.500
110.368 142.950 0.575 0.001 877.450
168.826 34.257 1.055 0.150 944.608
31.645 90.894 1.487 -0.058 1028.813
71.064 132.057 0.589 0.047 1115.160
119.812 65.211 0.503 -0.007 1078.569
88.057 56.875 0.636 -0.051 1005.400
81.503 53.523 0.613 -0.029 968.431
191.715 198.131 -8.125 0.023 1073.753
32.913 89.228 1.110 -0.037 1001.302
112.137 100.567 0.551 -0.032 914.726
44.882 175.417 3.011 0.561 1002.958
88.572 96.152 0.516 -0.001 1005.505
163.621 49.086 0.839 0.097 1042.629
86.366 42.185 0.699 -0.077 1006.730
59.986 23.794 1.015 -0.166 1015.230
163.057 70.341 -3.303 -0.100 1032.875
197.705 156.746 2.040 -0.032 906.593
104.798 115.137 0.552 -0.034 906.848
32.855 168.133 1.150 0.201 994.612
118.138 33.944 0.800 -0.019 919.141
114.400 90.119 0.508 0.010 1027.928
189.709 39.891 1.502 0.145 944.302
166.871 154.196 0.798 -0.099 1013.821
193.886 18.338 2.264 0.487 1048.512
124.674 109.497 0.528 -0.013 1034.693
34.676 155.545 0.936 0.143 1064.910
31.257 128.271 1.059 0.125 1004.044
62.711 88.369 3.675 0.541 1049.562
159.060 54.939 -2.620 -0.004 1094.541
64.409 10.720 2.018 -0.114 1103.183
141.911 178.196 -3.948 -1.183 1064.845
43.217 163.158 0.882 0.186 977.903
30.021 85.077 1.617 -0.129 1018.310
30.779 54.275 1.115 -0.283 935.324
148.958 76.075 0.603 0.040 933.534
96.201 90.814 0.455 -0.031 1026.553
40.308 73.993 0.831 -0.071 1057.008
184.730 93.695 -3.249 0.576 1054.146
74.815 134.310 0.539 -0.011 947.292
35.027 46.414 0.921 -0.160 957.035
95.399 39.781 0.715 0.013 919.837
139.570 86.521 0.523 -0.024 1002.732
46.243 76.008 0.659 -0.104 1037.925
137.128 25.866 0.974 -0.056 1015.197
84.370 49.912 0.597 -0.040 982.571
151.961 158.469 0.732 -0.050 1013.977
26.001 143.526 1.575 0.407 1043.937
132.015 4.010 -7.764 0.434 1058.975
148.563 134.297 0.606 -0.032 1063.702
126.855 105.799 0.515 -0.010 971.514
182.467 16.207 1.914 0.355 922.290
177.656 25.739 -0.396 0.237 980.633
115.832 37.913 0.676 0.002 1011.142
185.183 42.415 1.236 0.124 1097.445
145.014 1.308 -9.717 0.185 1052.139
32.671 71.445 1.086 -0.184 977.863
35.338 44.649 0.934 -0.148 1003.384
130.229 164.301 0.685 0.002 980.311
135.029 127.166 0.508 -0.007 1022.003
71.751 83.355 0.484 -0.008 1008.425
63.162 113.157 0.537 0.009 977.223
183.117 13.064 0.316 0.969 957.492
99.443 30.828 -9.101 1.649 1060.345
136.783 93.014 0.448 -0.022 981.915
181.067 173.649 1.255 -0.290 980.130
52.733 122.312 0.647 0.072 935.522
79.623 191.834 5.427 -0.286 1019.100
28.911 114.856 1.401 0.137 1000.006
86.329 90.882 0.424 0.001 961.425
194.284 65.550 1.672 0.132 1025.756
171.164 15.890 1.866 0.338 1000.258
160.946 77.839 0.652 0.032 945.287
50.246 18.988 1.087 -0.229 1006.457
128.702 181.476 -3.148 -0.837 1062.871
186.185 143.352 -3.901 -1.135 960.784
133.370 118.973 0.469 -0.042 1019.668
128.557 38.469 0.660 -0.023 1053.481
139.182 55.211 0.548 -0.014 972.949
159.681 197.910 15.551 -0.270 1005.010
168.972 128.637 0.727 -0.035 981.648
31.940 38.500 1.038 -0.258 1020.570
191.010 126.830 1.299 -0.113 1059.736
42.851 80.859 0.583 -0.072 912.113
111.106 112.509 0.448 -0.026 974.506
54.638 160.354 0.727 0.104 1003.198
68.817 12.796 1.658 -0.107 970.594
135.026 46.782 0.567 0.012 1024.804
62.937 103.229 0.461 0.006 1071.420
179.099 178.057 -0.795 0.284 1075.653
169.125 183.995 1.748 -0.139 903.505
66.179 114.763 0.481 0.017 999.227
187.779 198.913 -10.086 0.536 1097.905
153.512 8.163 8.397 0.369 1086.957
137.948 54.387 0.529 -0.052 945.944
125.664 44.617 0.522 -0.043 1004.064
185.953 163.171 1.120 -0.259 934.964
70.753 44.256 0.615 -0.055 991.233
71.698 145.632 0.573 0.028 1022.874
170.435 131.192 0.730 -0.009 996.772
176.986 198.496 11.530 0.011 1073.703
30.192 94.231 1.414 0.001 1027.615
64.389 149.920 0.611 0.077 993.006
107.058 117.074 0.462 -0.026 1030.101
58.196 34.371 0.727 -0.141 1013.197
191.133 141.890 1.328 -0.155 1018.247
55.612 135.111 0.567 0.096 1049.134
131.621 22.192 0.979 -0.142 1024.635
37.503 66.931 2.312 -0.148 1014.671
188.998 117.771 1.160 -0.123 960.882
170.725 108.310 0.730 -0.077 1008.053
60.251 53.051 17.880 2.384 963.220
66.578 72.726 0.472 -0.014 1023.345
163.095 156.084 0.731 -0.065 900.502
189.535 88.317 -3.526 -0.389 1004.683
171.192 95.156 0.770 -0.008 951.741
170.439 59.951 0.737 0.106 1107.040
180.808 132.170 0.863 -0.119 1014.367
103.816 189.617 2.086 -0.020 1035.814
41.443 110.061 2.591 0.377 1009.300
149.470 116.720 0.490 -0.008 1004.394
84.042 58.134 0.497 -0.093 981.558
192.604 20.552 1.988 0.427 1046.542
72.768 98.531 0.403 0.028 947.441
191.933 191.905 4.011 -0.296 1087.441
111.794 35.791 0.626 0.011 950.440
187.443 71.543 1.222 0.089 970.253
93.008 23.032 0.990 0.021 995.979
155.755 26.059 1.015 0.149 1068.118
156.322 188.222 -38.548 -22.592 997.200
101.660 30.885 0.728 -0.004 1005.990
159.706 92.913 -3.440 0.779 940.078
124.498 125.289 0.420 -0.007 1037.102
77.615 63.368 0.420 -0.012 977.329
128.397 45.018 0.444 -0.094 1045.646
102.830 27.922 0.787 -0.004 983.020
52.122 176.359 0.979 0.243 990.279
163.740 122.579 0.562 -0.094 1043.790
173.349 128.723 0.658 -0.072 959.254
25.877 42.464 1.404 -0.219 957.528
182.746 20.015 -2.391 1.394 947.060
192.748 69.097 1.520 0.089 988.121
62.528 2.891 4.520 -0.300 1040.096
131.231 130.059 0.398 -0.002 1020.868
163.756 56.699 0.615 0.063 959.661
70.379 67.734 0.421 -0.024 962.081
121.743 166.917 0.625 -0.017 1038.170
155.964 93.506 0.490 -0.011 916.068
48.671 190.048 1.728 0.384 998.265
47.509 167.213 0.766 0.177 1085.250
50.099 162.192 0.668 0.200 1010.340
178.723 141.888 -1.287 -0.152 1068.249
81.888 56.950 0.438 0.021 950.385
47.472 111.261 0.575 0.030 958.355
31.082 78.806 0.972 -0.063 992.324
34.787 36.195 0.890 -0.183 1000.651
55.265 55.554 0.560 -0.094 961.515
75.759 190.623 2.401 0.038 913.647
87.082 107.130 0.377 0.008 1006.977
96.605 102.467 0.367 -0.010 925.037
122.362 50.731 0.400 0.025 1002.065
77.078 65.157 0.349 0.008 978.334
174.239 189.384 2.514 -0.143 1036.682
159.739 75.712 0.559 0.021 1017.562
133.981 142.945 0.426 -0.021 990.314
36.679 122.325 0.735 0.130 1006.085
100.474 153.445 0.502 -0.001 1053.780
193.974 55.586 1.573 0.129 1027.522
123.553 23.143 0.867 -0.070 961.466
86.774 154.592 0.534 0.004 965.238
38.692 54.762 0.700 -0.182 921.004
134.704 146.918 0.475 -0.023 972.816
63.397 46.700 0.503 -0.060 967.775
174.588 16.075 1.779 0.354 990.192
192.879 113.851 -2.603 0.290 936.524
158.003 136.684 0.510 -0.065 1033.572
163.522 42.727 0.687 0.170 1080.664
62.863 55.466 0.355 -0.116 962.853
167.474 117.513 -1.632 -0.728 904.493
24.021 145.939 1.591 0.402 1025.328
28.596 75.869 1.372 -0.147 1043.204
148.908 85.373 -3.281 0.604 984.478
89.239 35.487 0.572 0.013 1053.623
107.157 112.184 0.313 0.026 982.882
177.986 64.215 0.770 0.061 879.499
137.013 197.387 6.882 0.029 1001.230
172.038 176.621 -2.287 -0.853 914.700
110.606 113.346 0.339 0.004 933.540
107.551 137.015 0.405 -0.025 1085.231
184.343 77.508 -2.479 -0.160 834.539
110.996 137.535 0.368 0.027 929.813
27.197 51.564 1.694 -0.374 1033.103
83.711 77.368 0.322 -0.033 1069.949
78.346 133.749 0.378 0.008 971.418
67.427 11.282 1.846 -0.110 943.973
130.367 106.717 0.333 -0.003 964.355
181.503 15.065 1.926 0.392 1037.865
98.624 41.064 0.469 0.014 976.375
36.002 181.773 1.180 0.329 977.331
27.637 39.198 1.723 -0.114 1103.410
63.531 150.952 0.558 0.088 929.746
192.259 129.338 1.306 -0.116 969.184
118.244 188.043 1.655 0.035 1053.466
88.868 94.246 0.275 -0.060 1030.693
31.985 5.446 2.281 -0.484 1036.120
175.825 143.731 -3.393 -0.429 924.554
154.324 108.026 0.478 -0.035 1001.810
62.154 140.961 0.457 0.049 1024.295
119.572 150.723 0.434 0.005 1008.270
31.662 155.325 0.904 0.104 888.906
103.621 179.788 1.044 -0.029 1021.208
30.634 92.140 1.096 -0.063 1050.423
107.917 179.018 0.879 0.038 1075.786
35.943 5.060 2.281 -0.487 935.233
47.713 113.567 0.532 0.026 959.207
163.330 11.637 -2.773 0.839 1042.584
174.594 84.100 -0.815 1.121 961.051
31.077 175.746 1.079 0.272 1046.473
72.564 148.622 0.443 0.032 1020.643
62.709 174.365 0.868 0.045 913.741
157.488 8.681 2.919 0.067 1034.115
124.779 153.600 0.416 -0.006 1012.086
43.518 123.067 0.546 0.116 958.065
35.586 42.572 0.727 -0.232 1060.968
131.320 67.030 0.368 0.015 993.950
29.163 98.398 1.333 0.078 983.942
82.570 63.446 0.206 -0.061 982.771
116.496 53.432 0.315 0.047 1099.997
167.276 140.125 -1.756 0.278 1021.503
166.879 155.102 -2.681 0.995 984.925
161.465 12.005 2.070 0.103 920.551
66.184 185.650 1.503 0.028 967.679
37.481 59.232 2.402 -0.002 1039.066
59.161 191.516 3.972 0.827 928.551
55.505 185.466 1.300 0.305 965.782
27.507 163.669 1.270 0.174 909.769
151.012 170.938 0.769 -0.006 1049.126
169.046 83.116 0.625 0.013 1051.152
112.355 145.630 0.283 -0.032 1004.577
190.636 14.489 -3.000 0.964 932.365
98.572 81.523 0.322 0.002 1033.007
90.229 117.568 0.333 0.042 995.190
168.643 87.673 0.593 -0.030 958.295
130.821 159.970 0.490 -0.026 967.243
27.234 58.702 1.204 -0.292 1118.080
70.433 144.701 0.397 0.065 1104.710
86.457 109.000 0.281 0.004 993.391
117.858 101.665 0.277 -0.050 877.810
31.729 93.538 0.867 -0.018 926.658
46.595 34.839 0.655 -0.190 1054.474
27.814 36.372 1.003 -0.244 958.430
39.921 6.490 2.110 -0.392 991.299
192.215 69.529 -6.937 4.437 950.649
179.332 48.874 -1.248 -0.034 1069.143
188.480 158.123 -3.336 -1.309 976.849
67.680 185.235 1.463 -0.022 994.801
30.800 163.585 0.915 0.215 951.079
115.221 165.478 -4.577 1.140 959.665
153.141 134.343 0.387 -0.061 1117.552
34.957 138.977 0.662 0.115 989.001
43.570 17.040 2.826 -0.624 987.751
94.165 120.591 0.230 -0.030 1064.987
177.373 182.894 1.495 -0.175 872.217
116.655 86.432 0.290 0.055 1003.980
105.107 114.055 0.245 -0.005 1053.538
91.642 31.016 0.600 0.006 1010.057
72.845 186.588 1.731 -0.105 1025.665
150.481 113.159 0.388 0.008 1033.710
199.739 176.489 2.186 0.462 1010.345
132.424 181.110 1.010 0.039 984.602
92.975 153.178 0.352 0.014 995.575
29.468 157.971 1.797 0.070 1013.199
124.026 87.804 0.254 -0.059 983.305
75.692 16.947 1.301 0.098 1096.876
95.164 75.124 0.238 -0.025 1087.037
102.522 15.161 1.329 0.030 944.243
190.621 149.791 1.136 -0.238 1032.277
165.106 20.402 1.292 0.342 1021.207
140.368 82.297 0.320 0.048 1008.904
151.699 169.005 0.708 -0.022 974.966
141.888 53.018 0.391 -0.003 1001.615
149.500 82.835 0.323 0.026 1052.064
166.528 27.329 0.899 0.179 1058.702
159.724 115.483 0.393 -0.088 951.452
30.976 157.080 0.797 0.188 1101.361
125.450 75.389 0.235 0.013 950.631
185.013 190.654 2.567 -0.155 913.148
163.898 125.848 0.390 -0.135 1079.685
142.697 48.221 0.348 0.112 1040.904
177.996 29.413 -1.823 0.327 1072.745
181.084 124.795 0.661 -0.074 931.119
24.222 44.338 1.326 -0.257 912.911
55.474 66.510 0.373 -0.053 978.499
118.546 95.803 0.200 0.011 940.070
88.728 54.487 0.246 0.021 1021.560
134.981 106.094 0.170 -0.037 1042.079
199.343 68.591 3.080 0.047 912.064
178.776 74.984 0.709 0.124 989.813
192.577 169.274 -12.108 -2.063 985.950
94.789 1.794 6.394 -0.251 1039.977
46.101 126.720 0.441 0.081 1053.411
174.393 43.430 -0.803 0.512 900.074
94.958 87.942 0.189 -0.014 972.064
29.055 96.781 1.442 0.061 1073.151
31.938 77.879 1.922 -0.155 933.233
24.509 34.679 13.053 7.069 1058.525
174.782 196.907 -6.460 -0.295 971.703
132.494 5.684 4.017 0.021 1045.994
51.126 178.938 0.895 0.210 1037.530
168.278 29.873 0.864 0.211 940.407
181.536 11.353 -3.123 0.898 988.474
28.157 7.727 1.889 -0.552 1044.658
67.223 199.272 7.068 0.489 1042.543
68.540 156.734 0.422 0.071 983.353
99.979 139.134 0.232 -0.007 902.103
81.757 164.473 0.500 0.050 904.329
164.168 162.320 0.634 -0.096 1096.151
113.398 9.597 1.955 0.040 1068.355
184.259 139.695 0.830 -0.188 972.004
147.717 197.507 -20.809 -0.607 992.888
162.881 44.165 0.575 0.178 996.312
133.422 104.347 0.236 -0.011 990.818
83.803 168.864 0.555 -0.001 1042.957
88.209 93.979 0.166 -0.020 996.505
146.895 196.440 4.841 0.121 980.823
29.855 193.602 2.309 0.460 1023.522
44.126 176.773 0.775 0.236 1003.607
65.032 175.223 0.756 0.010 935.252
29.641 67.590 0.915 -0.203 1037.589
154.094 6.996 -4.091 -1.277 958.923
154.284 31.259 0.658 0.130 891.564
